00010100000000000000000000
00010111000000000000000000
00000111000000000000000000
01010111011100000000000000
01100111000000000000000000
00010100011100000000000000
00010111000000000000000001
00000111000000000000000000
01010111011100000000000000
10000111010000000000000110
01100111000000000000000110
01000111000000000000000001
00010101011100000000000000
00011000000000000000000001
10010100010100000000000000
01000100000000000000000000
00010111000000000000000011
11000111000000000000000000
00010110000000000000000001
01000110000000000000000010
01010111011100000000000000
01110111000000000000011010
00011000000000000000000000
10111000000000000000000000
01110100000000000000000110
10100000000000000000000000
00110110001100000000000000
01000110000000000000000010
00110101011000000000000000
00100100010100000000000000
00011000000000000000000000
10111000000000000000000000
01000100000000000000000000
01000000000000000000000001
10100000000000000000000110